pw = [ 
	0.043481855642182
	0.043481855642182
	0.043481855642182
	0.043481855642182
	0.040759072178909
	0.040759072178909
	0.040759072178909
	0.040759072178909
	0.040759072178909
	0.040759072178909
	0.040759072178909
	0.040759072178909
];